0.50 1.00 1.00 0.50 1.00 1.00 0.00 0.00 0.00 0.00 1.00 0.00 1.00 1.00 0.00 0.00 10
0.00 1.00 0.00 1.00 1.00 1.00 0.00 0.00 0.00 1.00 0.50 1.00 1.00 1.00 0.00 1.00 01
0.00 1.00 1.00 0.00 0.50 1.00 0.00 0.00 0.00 0.00 1.00 0.00 1.00 0.00 0.00 1.00 10
1.00 1.00 1.00 0.00 1.00 1.00 0.00 0.00 0.00 0.00 1.00 0.50 1.00 1.00 1.00 1.00 10
0.00 1.00 0.00 1.00 1.00 1.00 0.00 0.00 0.00 0.00 0.00 1.00 1.00 1.00 0.00 0.50 01
0.00 1.00 1.00 0.00 1.00 1.00 0.00 0.00 0.00 0.00 0.00 0.00 1.00 1.00 1.00 1.00 10
0.00 1.00 0.00 1.00 1.00 1.00 0.00 0.00 0.00 0.00 0.00 0.00 0.50 1.00 1.00 1.00 10
0.00 1.00 0.00 1.00 1.00 1.00 0.00 0.00 0.00 0.00 0.00 0.00 1.00 1.00 0.50 1.00 01
1.00 1.00 1.00 0.00 0.00 0.00 1.00 1.00 1.00 0.00 0.00 0.00 0.00 0.00 0.50 0.50 10
0.00 1.00 1.00 0.00 0.00 0.00 1.00 1.00 1.00 0.00 0.00 0.00 1.00 0.00 0.50 0.50 10
0.00 1.00 0.00 1.00 1.00 1.00 0.00 0.00 0.00 0.00 0.00 1.00 1.00 1.00 0.00 1.00 01
1.00 1.00 1.00 0.00 0.00 1.00 1.00 1.00 0.50 1.00 1.00 0.50 0.00 0.00 1.00 0.50 10
0.00 1.00 1.00 1.00 1.00 1.00 1.00 1.00 1.00 0.00 0.00 1.00 1.00 1.00 0.00 1.00 01
1.00 0.00 1.00 0.00 0.00 1.00 0.00 1.00 0.50 1.00 1.00 1.00 0.50 0.00 0.00 1.00 10
0.00 1.00 0.00 1.00 1.00 0.00 0.00 0.00 0.00 0.00 0.50 0.50 1.00 1.00 0.00 0.00 01
1.00 0.50 1.00 0.00 0.00 0.00 1.00 1.00 1.00 0.00 0.00 0.00 1.00 0.00 1.00 1.00 10
1.00 1.00 1.00 0.00 0.00 0.00 1.00 1.00 1.00 0.00 1.00 0.00 0.00 0.00 1.00 1.00 10
0.00 1.00 0.00 1.00 1.00 1.00 0.00 0.00 0.00 0.00 1.00 0.50 1.00 1.00 0.50 0.50 01
1.00 1.00 1.00 0.00 0.00 0.50 1.00 1.00 0.00 0.00 1.00 0.00 0.00 0.00 1.00 1.00 10
1.00 1.00 1.00 0.00 0.00 0.00 1.00 1.00 1.00 0.00 0.00 0.00 0.50 0.50 1.00 1.00 10
0.00 1.00 0.00 1.00 1.00 1.00 0.00 0.00 0.00 0.00 0.00 1.00 0.50 0.50 0.00 0.50 01
1.00 0.50 1.00 0.00 0.00 0.00 1.00 1.00 1.00 0.00 0.00 0.50 0.00 0.00 1.00 1.00 10
1.00 1.00 1.00 0.00 0.00 0.00 1.00 1.00 1.00 0.00 0.00 0.00 0.00 0.00 1.00 1.00 10
0.00 1.00 0.00 1.00 1.00 1.00 0.00 0.00 0.00 1.00 0.00 1.00 1.00 0.50 0.00 0.50 01
1.00 0.00 1.00 0.00 0.00 0.00 1.00 1.00 1.00 0.00 0.00 0.00 0.00 0.00 1.00 0.50 10
0.00 0.00 1.00 1.00 1.00 1.00 1.00 1.00 1.00 1.00 0.00 1.00 1.00 1.00 1.00 1.00 01
1.00 0.00 1.00 0.00 0.00 0.00 1.00 1.00 1.00 1.00 0.00 0.00 0.00 0.00 1.00 1.00 10
0.00 1.00 0.00 1.00 1.00 1.00 0.00 0.00 0.00 0.00 0.00 0.50 1.00 1.00 0.00 0.00 01
1.00 0.00 1.00 0.00 0.00 0.00 1.00 1.00 1.00 0.00 1.00 0.00 0.00 0.00 1.00 1.00 10
1.00 1.00 1.00 0.00 0.00 0.00 1.00 1.00 1.00 0.00 1.00 0.00 0.00 0.00 1.00 1.00 10
1.00 0.00 0.00 1.00 1.00 0.00 1.00 1.00 1.00 0.00 0.00 1.00 1.00 1.00 0.00 1.00 01
1.00 1.00 1.00 0.00 0.00 0.00 1.00 1.00 1.00 0.00 1.00 0.00 0.00 0.00 1.00 1.00 10
1.00 1.00 1.00 0.00 0.00 0.00 1.00 1.00 1.00 0.00 1.00 0.00 0.00 0.00 1.00 0.50 10
0.00 1.00 0.00 1.00 1.00 1.00 0.00 0.00 0.00 0.00 0.00 1.00 1.00 1.00 0.00 0.00 01
1.00 1.00 1.00 0.00 0.00 0.00 1.00 1.00 1.00 1.00 0.00 0.00 1.00 0.00 1.00 1.00 10
1.00 1.00 1.00 0.00 0.00 0.00 1.00 1.00 1.00 0.00 0.00 0.00 0.00 0.00 1.00 1.00 10
0.00 1.00 0.00 1.00 1.00 1.00 0.00 0.00 0.00 0.00 0.00 1.00 1.00 1.00 0.00 1.00 01
1.00 0.00 1.00 0.00 0.00 0.00 1.00 1.00 1.00 1.00 1.00 0.00 1.00 0.00 1.00 1.00 10
0.00 0.00 1.00 1.00 1.00 1.00 1.00 0.00 0.00 1.00 1.00 1.00 1.00 1.00 0.00 1.00 01
1.00 1.00 1.00 0.00 0.00 0.00 1.00 1.00 1.00 0.00 0.50 0.00 0.00 0.00 0.00 0.50 10
0.00 1.00 0.00 1.00 1.00 1.00 0.00 0.00 0.00 0.00 0.00 1.00 1.00 1.00 0.00 0.00 01
1.00 1.00 1.00 0.00 0.00 0.00 1.00 1.00 1.00 0.00 0.00 0.00 0.00 0.00 1.00 0.50 10
1.00 0.00 1.00 0.00 0.00 0.00 1.00 1.00 1.00 0.00 0.00 0.00 0.00 0.00 0.00 1.00 10
1.00 0.50 0.00 1.00 1.00 1.00 0.00 0.00 0.00 1.00 0.00 1.00 0.50 1.00 0.00 1.00 01
1.00 0.00 1.00 0.00 0.00 0.00 1.00 1.00 1.00 0.00 0.00 0.00 0.00 0.00 1.00 1.00 10
1.00 1.00 1.00 0.00 0.00 0.00 1.00 1.00 1.00 0.00 1.00 0.00 0.00 0.00 0.00 0.50 10
1.00 1.00 0.00 1.00 1.00 1.00 0.00 0.00 0.00 0.00 0.00 0.00 1.00 1.00 0.00 1.00 01
1.00 1.00 1.00 0.00 0.00 0.00 1.00 1.00 0.50 0.00 1.00 0.00 0.00 0.00 1.00 0.50 10
1.00 1.00 1.00 0.00 0.00 0.00 1.00 1.00 1.00 0.00 0.00 0.00 0.00 0.00 0.00 1.00 10
0.00 1.00 0.00 1.00 1.00 1.00 0.00 0.00 0.00 1.00 0.00 1.00 1.00 1.00 0.00 0.00 01
1.00 0.00 1.00 0.00 0.00 0.00 1.00 1.00 0.50 0.00 0.00 0.00 0.00 0.00 0.00 0.50 10
1.00 0.00 1.00 1.00 0.00 0.00 0.00 1.00 1.00 1.00 0.00 0.00 0.00 1.00 1.00 1.00 01
1.00 1.00 1.00 0.00 0.00 0.00 1.00 1.00 0.00 0.00 0.00 0.00 0.00 1.00 0.00 1.00 10
0.00 0.50 0.00 1.00 1.00 1.00 0.00 0.00 0.00 0.00 0.00 1.00 1.00 1.00 0.00 0.00 01
1.00 1.00 1.00 0.00 0.00 0.00 1.00 1.00 1.00 0.00 1.00 0.00 0.00 0.00 1.00 1.00 10
1.00 1.00 1.00 0.00 0.00 0.00 1.00 1.00 1.00 0.00 0.00 0.00 0.00 0.00 0.50 0.50 10
0.00 1.00 0.00 1.00 1.00 1.00 0.00 0.50 0.00 0.00 0.00 1.00 1.00 1.00 0.00 1.00 01
1.00 1.00 1.00 0.00 0.00 1.00 0.50 1.00 0.00 0.00 1.00 1.00 0.00 1.00 0.00 0.50 10
1.00 1.00 1.00 0.00 0.00 0.50 1.00 1.00 1.00 1.00 0.00 0.00 0.00 0.00 1.00 0.50 10
1.00 1.00 0.00 1.00 1.00 1.00 0.00 0.00 0.00 1.00 0.00 1.00 1.00 1.00 0.00 0.00 01
1.00 1.00 1.00 0.00 0.00 0.00 1.00 1.00 1.00 0.00 0.00 0.00 0.00 0.00 0.00 0.50 10
1.00 1.00 1.00 0.00 0.00 0.00 1.00 1.00 1.00 0.00 1.00 0.00 0.00 0.00 0.00 1.00 10
0.00 1.00 0.00 1.00 1.00 1.00 0.00 0.00 0.00 1.00 1.00 1.00 1.00 1.00 0.00 0.00 01
1.00 1.00 1.00 0.00 0.00 0.00 1.00 1.00 1.00 0.00 1.00 0.50 0.00 0.00 0.00 1.00 10
0.00 0.00 0.00 1.00 1.00 1.00 0.00 0.00 0.00 0.00 0.00 1.00 1.00 1.00 0.00 0.00 01
1.00 0.50 1.00 0.00 0.00 0.00 1.00 1.00 1.00 0.00 0.00 0.00 1.00 0.00 1.00 1.00 10
0.00 1.00 0.00 1.00 1.00 1.00 0.00 0.00 0.00 1.00 1.00 1.00 1.00 1.00 0.00 1.00 01
1.00 1.00 1.00 0.00 0.00 0.00 1.00 1.00 1.00 0.00 0.00 0.00 0.00 0.00 1.00 1.00 10
1.00 0.00 1.00 0.00 0.00 0.00 1.00 1.00 1.00 0.00 0.00 0.00 1.00 0.00 1.00 0.50 10
0.00 1.00 0.00 1.00 1.00 1.00 0.00 0.00 0.00 1.00 0.00 1.00 1.00 1.00 0.00 1.00 01
1.00 1.00 1.00 0.00 0.00 0.00 1.00 1.00 1.00 0.00 1.00 0.00 0.00 0.00 1.00 0.50 10
1.00 0.00 1.00 0.00 0.00 1.00 1.00 1.00 1.00 1.00 1.00 0.00 0.00 1.00 1.00 1.00 10
0.00 1.00 0.00 1.00 1.00 1.00 0.00 0.00 0.00 1.00 0.00 1.00 1.00 1.00 0.00 1.00 01
0.00 1.00 1.00 1.00 1.00 1.00 0.00 0.00 0.00 1.00 1.00 0.00 1.00 1.00 0.00 0.00 10
0.00 1.00 1.00 0.00 1.00 1.00 0.00 0.00 0.00 1.00 1.00 1.00 1.00 1.00 0.00 0.50 10
0.00 1.00 0.00 1.00 1.00 1.00 0.00 0.00 0.00 1.00 0.00 1.00 1.00 1.00 0.00 0.50 01
0.00 1.00 1.00 1.00 1.00 1.00 0.00 1.00 1.00 1.00 1.00 1.00 1.00 1.00 0.00 1.00 10
0.00 0.00 0.00 1.00 1.00 1.00 0.00 0.00 0.00 0.00 0.00 1.00 1.00 1.00 0.00 0.00 01
1.00 1.00 1.00 0.00 1.00 1.00 0.00 0.00 0.00 1.00 1.00 0.00 1.00 1.00 0.00 1.00 10
0.00 1.00 0.00 1.00 1.00 1.00 0.00 0.00 0.00 0.00 0.00 1.00 1.00 1.00 0.00 0.00 01
1.00 0.00 1.00 0.00 0.00 1.00 1.00 1.00 1.00 1.00 0.00 1.00 0.00 1.00 0.00 0.50 10
1.00 0.00 1.00 0.00 0.00 0.00 1.00 1.00 0.50 1.00 1.00 1.00 0.00 1.00 0.00 1.00 10
1.00 1.00 0.00 1.00 1.00 1.00 1.00 0.00 0.00 0.00 0.00 1.00 1.00 1.00 0.00 1.00 01
0.00 0.00 1.00 0.00 1.00 1.00 0.00 0.00 0.00 1.00 1.00 1.00 1.00 1.00 0.00 1.00 10
0.00 1.00 1.00 0.00 1.00 1.00 1.00 0.00 1.00 1.00 1.00 0.00 1.00 1.00 0.00 1.00 10
0.00 1.00 0.00 1.00 1.00 1.00 1.00 0.00 0.00 0.00 1.00 1.00 1.00 1.00 0.00 1.00 01
1.00 0.00 1.00 0.00 0.00 0.00 1.00 1.00 1.00 1.00 0.00 0.00 0.00 0.00 1.00 1.00 10
1.00 0.00 1.00 0.00 0.00 0.00 1.00 1.00 1.00 1.00 1.00 0.00 0.00 0.00 1.00 1.00 10
0.00 1.00 0.00 1.00 1.00 1.00 0.00 0.00 0.00 1.00 0.00 1.00 1.00 1.00 0.00 0.00 01
1.00 1.00 1.00 0.00 0.00 0.00 1.00 1.00 0.00 1.00 1.00 0.00 0.00 0.50 1.00 1.00 10
0.00 0.00 0.00 1.00 1.00 1.00 0.00 0.00 0.00 1.00 0.50 1.00 1.00 1.00 0.00 1.00 01
1.00 0.00 1.00 0.00 0.00 0.00 1.00 0.00 1.00 1.00 1.00 0.00 0.00 0.00 1.00 1.00 10
1.00 1.00 1.00 1.00 0.00 0.00 1.00 1.00 1.00 1.00 1.00 0.00 0.00 1.00 0.00 1.00 01
1.00 0.00 1.00 0.00 1.00 1.00 0.00 0.00 0.00 0.00 0.00 0.00 0.00 0.00 0.00 1.00 10
1.00 0.00 1.00 0.00 1.00 1.00 0.00 0.50 0.50 0.00 1.00 0.50 0.50 0.50 1.00 1.00 10
1.00 0.00 1.00 1.00 1.00 0.00 1.00 0.00 1.00 1.00 0.00 0.00 1.00 1.00 0.00 1.00 01
0.00 0.00 0.50 0.00 1.00 1.00 0.00 0.00 0.00 0.00 1.00 1.00 1.00 1.00 0.00 1.00 10
1.00 0.00 0.00 0.00 1.00 1.00 1.00 0.00 0.00 1.00 1.00 0.00 0.00 1.00 0.00 1.00 10
0.00 0.00 0.00 1.00 1.00 0.00 0.00 0.00 0.00 1.00 0.00 1.00 1.00 1.00 0.00 0.00 01
1.00 1.00 1.00 0.00 0.00 1.00 1.00 1.00 1.00 1.00 0.00 0.00 0.00 0.00 0.00 1.00 10
1.00 0.00 0.00 0.00 1.00 1.00 0.00 0.00 0.00 0.00 1.00 1.00 0.00 1.00 0.00 1.00 10
0.00 0.00 0.00 1.00 1.00 1.00 0.00 0.00 0.00 1.00 0.00 1.00 1.00 1.00 0.00 1.00 01
1.00 0.00 1.00 0.00 1.00 1.00 1.00 0.00 0.00 0.00 1.00 0.00 0.00 1.00 0.00 1.00 10
1.00 1.00 0.00 1.00 1.00 1.00 0.00 0.00 0.00 1.00 1.00 0.00 1.00 0.00 0.00 0.00 01
1.00 0.00 1.00 0.00 1.00 1.00 1.00 0.00 0.50 0.00 1.00 0.00 1.00 1.00 1.00 0.50 10
0.00 0.00 0.00 1.00 1.00 1.00 0.00 0.00 0.00 0.00 0.00 1.00 1.00 1.00 0.00 0.00 01
1.00 0.00 0.00 0.00 1.00 1.00 0.50 0.00 0.50 0.00 0.00 0.00 0.00 1.00 0.50 0.00 10
0.50 0.50 0.50 0.50 0.00 1.00 1.00 1.00 1.00 1.00 0.50 0.00 1.00 1.00 0.00 0.50 10
0.00 0.50 0.00 1.00 1.00 1.00 0.00 0.00 0.00 1.00 0.00 1.00 1.00 1.00 0.00 0.00 01
1.00 1.00 1.00 0.00 0.00 0.00 0.00 1.00 1.00 0.00 1.00 0.00 0.00 0.00 1.00 1.00 10
1.00 0.50 1.00 0.00 0.00 0.00 1.00 1.00 1.00 0.00 0.00 0.00 0.00 0.00 1.00 0.50 10
0.00 0.00 0.00 1.00 1.00 1.00 0.00 0.00 0.00 1.00 0.00 1.00 1.00 1.00 0.00 0.00 01
1.00 0.50 1.00 0.00 0.00 0.00 1.00 1.00 1.00 0.00 0.00 0.00 0.00 0.00 1.00 0.50 10
0.00 0.00 1.00 0.00 0.00 0.00 1.00 1.00 1.00 1.00 0.00 0.00 0.00 0.00 1.00 1.00 10
0.00 0.00 0.00 1.00 1.00 1.00 0.00 0.00 0.00 0.00 0.00 1.00 1.00 1.00 0.00 0.00 01
0.00 0.50 1.00 0.00 0.00 1.00 1.00 1.00 0.00 1.00 0.00 0.00 0.00 0.00 1.00 0.50 10
1.00 1.00 0.00 1.00 1.00 1.00 0.00 0.00 0.00 0.00 1.00 0.00 1.00 1.00 0.00 1.00 01
1.00 0.50 1.00 0.00 0.00 0.00 1.00 1.00 1.00 0.00 0.00 0.00 0.00 0.00 1.00 0.50 10
0.00 0.00 0.00 1.00 1.00 1.00 0.00 0.00 0.00 1.00 0.00 0.50 1.00 1.00 0.00 0.50 01
0.00 0.50 1.00 0.00 0.50 0.50 1.00 1.00 1.00 1.00 0.50 0.50 0.00 0.00 1.00 1.00 10
1.00 0.00 1.00 0.00 0.00 0.00 1.00 1.00 1.00 0.00 1.00 0.00 0.00 0.00 1.00 1.00 10
0.00 0.00 0.00 1.00 1.00 1.00 0.00 0.00 0.00 1.00 0.50 1.00 1.00 1.00 0.00 0.00 01
0.00 1.00 1.00 0.00 0.00 0.00 0.00 1.00 1.00 1.00 1.00 0.00 0.00 0.00 1.00 1.00 10
0.00 0.50 1.00 0.00 0.00 0.00 1.00 1.00 1.00 0.00 0.00 0.00 0.00 0.00 1.00 1.00 10
0.00 1.00 0.00 1.00 1.00 1.00 0.00 0.00 0.00 0.00 0.00 1.00 1.00 1.00 0.00 1.00 01
0.00 0.50 1.00 0.00 0.00 0.00 1.00 1.00 1.00 1.00 1.00 0.00 0.00 1.00 1.00 1.00 10
0.00 0.50 1.00 0.00 0.00 1.00 0.00 1.00 0.00 1.00 1.00 0.00 0.00 0.00 1.00 1.00 10
0.00 0.50 0.50 0.50 0.50 0.50 0.50 0.50 0.50 0.50 0.50 0.50 0.50 1.00 0.50 0.50 01
0.50 0.50 1.00 0.00 0.00 0.00 1.00 1.00 0.50 0.00 0.50 0.50 0.50 0.50 0.50 0.50 10
0.00 1.00 0.00 1.00 1.00 1.00 0.00 0.00 0.00 0.00 0.00 0.00 1.00 1.00 0.00 1.00 01
1.00 0.50 1.00 0.00 0.50 0.50 1.00 1.00 1.00 0.00 0.00 0.00 0.00 0.00 1.00 0.50 10
0.00 0.50 0.00 1.00 1.00 1.00 0.00 0.00 0.00 1.00 0.00 1.00 1.00 1.00 0.00 1.00 01
0.00 0.00 1.00 0.00 0.00 1.00 0.00 1.00 1.00 1.00 0.00 0.00 0.00 1.00 0.00 1.00 10
0.00 0.50 1.00 0.00 0.00 1.00 1.00 1.00 1.00 1.00 0.00 0.00 0.00 1.00 1.00 1.00 10
0.00 0.50 0.00 1.00 1.00 1.00 0.00 0.00 0.00 1.00 0.00 1.00 1.00 1.00 0.00 0.00 01
0.00 0.00 1.00 0.00 0.00 1.00 1.00 1.00 1.00 1.00 0.00 0.00 0.00 1.00 0.00 1.00 10
1.00 0.00 1.00 0.00 0.00 1.00 1.00 1.00 1.00 0.00 0.00 0.00 0.00 0.00 1.00 1.00 10
1.00 1.00 1.00 1.00 1.00 0.00 1.00 0.00 0.00 0.00 0.00 1.00 1.00 1.00 0.00 1.00 01
0.50 1.00 0.00 0.00 0.00 0.00 1.00 1.00 1.00 1.00 1.00 0.00 0.00 1.00 1.00 1.00 10
0.00 0.50 0.00 0.00 0.00 1.00 1.00 1.00 1.00 1.00 0.00 0.00 0.00 1.00 0.00 0.50 10
0.00 0.00 0.00 1.00 1.00 1.00 0.00 0.00 0.00 0.00 0.00 1.00 1.00 1.00 0.00 0.00 01
0.00 0.00 1.00 0.00 0.00 1.00 1.00 1.00 1.00 1.00 0.00 0.00 0.00 1.00 0.50 1.00 10
0.00 1.00 0.00 1.00 1.00 1.00 0.00 0.00 0.00 0.00 0.00 1.00 1.00 1.00 0.00 1.00 01
0.00 0.00 0.00 0.00 0.00 0.00 1.00 1.00 1.00 1.00 0.00 1.00 1.00 1.00 1.00 1.00 10
0.00 0.50 0.50 1.00 1.00 1.00 0.00 0.00 0.00 1.00 0.00 1.00 1.00 1.00 0.50 1.00 01
0.00 0.00 1.00 0.00 0.00 0.00 1.00 1.00 1.00 1.00 0.00 0.00 1.00 0.00 1.00 1.00 10
1.00 1.00 0.50 1.00 1.00 1.00 0.00 0.00 1.00 0.00 1.00 0.50 1.00 1.00 0.00 0.00 10
0.00 0.50 0.00 1.00 1.00 1.00 0.00 0.00 0.00 1.00 0.00 1.00 1.00 1.00 0.00 1.00 01
0.00 1.00 1.00 0.00 0.00 1.00 0.00 1.00 1.00 1.00 1.00 0.00 1.00 0.00 1.00 1.00 10
0.00 0.00 1.00 0.00 0.00 1.00 1.00 1.00 1.00 1.00 1.00 0.00 1.00 1.00 0.00 1.00 10
0.00 0.00 0.00 1.00 1.00 1.00 0.00 0.00 0.00 1.00 0.00 1.00 0.00 1.00 0.00 1.00 01
0.00 1.00 1.00 0.00 0.00 1.00 0.00 1.00 1.00 0.00 1.00 0.00 0.50 0.50 0.50 0.50 10
0.00 1.00 1.00 0.00 0.50 1.00 1.00 1.00 1.00 1.00 1.00 0.00 0.00 0.50 0.00 0.50 10
1.00 0.50 0.00 1.00 1.00 1.00 0.00 1.00 0.00 0.00 0.00 1.00 1.00 1.00 0.00 1.00 01
0.00 1.00 0.00 0.00 1.00 1.00 0.00 0.00 0.00 0.00 0.00 1.00 1.00 1.00 1.00 1.00 10
0.00 1.00 0.00 1.00 1.00 1.00 0.50 0.50 0.00 0.00 0.50 0.50 1.00 0.50 0.50 0.50 01
0.00 0.00 0.00 0.00 1.00 1.00 1.00 0.00 0.00 0.00 0.00 1.00 1.00 1.00 0.00 1.00 10
0.00 0.50 0.00 1.00 1.00 1.00 0.00 0.00 0.00 1.00 0.00 1.00 1.00 1.00 0.00 1.00 01
0.00 1.00 1.00 0.00 1.00 1.00 1.00 0.00 0.00 0.00 1.00 1.00 1.00 1.00 0.00 1.00 10
1.00 1.00 0.00 0.00 1.00 1.00 0.00 0.00 0.00 1.00 1.00 1.00 1.00 1.00 0.00 0.50 10
0.00 0.50 0.00 1.00 1.00 1.00 0.00 0.00 0.00 0.00 0.00 1.00 1.00 1.00 0.00 0.00 01
0.00 1.00 1.00 0.00 0.00 1.00 1.00 1.00 1.00 1.00 1.00 0.00 1.00 0.00 1.00 0.50 10
0.00 0.00 1.00 1.00 1.00 1.00 0.00 0.00 1.00 0.00 0.00 0.00 1.00 1.00 1.00 0.50 10
0.00 0.00 0.00 1.00 1.00 1.00 0.00 0.00 0.00 1.00 0.00 1.00 1.00 1.00 0.00 0.50 01
1.00 0.00 1.00 0.00 0.00 0.00 1.00 1.00 1.00 1.00 1.00 0.00 0.00 1.00 0.00 1.00 10
1.00 0.00 1.00 0.00 0.00 0.00 0.50 1.00 1.00 0.50 0.00 0.00 0.00 0.00 1.00 0.50 10
0.00 0.00 0.00 1.00 1.00 1.00 0.00 0.00 0.00 1.00 0.00 1.00 1.00 1.00 0.00 1.00 01
0.00 1.00 1.00 0.00 0.00 0.00 1.00 1.00 1.00 1.00 0.00 0.00 0.50 0.00 1.00 1.00 10
0.00 0.00 0.00 1.00 1.00 1.00 0.00 0.00 0.00 0.00 0.00 1.00 1.00 1.00 0.00 1.00 01
0.00 0.00 0.00 0.00 1.00 1.00 0.00 0.00 0.00 1.00 1.00 1.00 1.00 1.00 0.00 1.00 10
0.00 0.00 0.00 1.00 1.00 1.00 0.00 0.00 0.00 0.00 0.00 1.00 1.00 1.00 0.00 0.50 01
1.00 0.50 1.00 0.00 0.00 0.00 1.00 1.00 1.00 0.00 0.00 0.00 0.00 0.00 1.00 0.50 10
0.00 1.00 1.00 0.00 0.00 0.00 1.00 1.00 1.00 1.00 0.00 0.00 0.00 0.00 1.00 1.00 10
0.00 0.00 0.00 1.00 1.00 1.00 0.00 0.00 0.00 1.00 0.00 1.00 1.00 1.00 0.00 0.00 01
0.00 0.00 1.00 0.00 0.00 0.00 1.00 1.00 1.00 1.00 1.00 0.50 0.00 0.00 1.00 1.00 10
0.50 0.00 1.00 0.00 0.00 0.00 1.00 1.00 1.00 1.00 1.00 0.50 0.00 0.00 1.00 0.50 10
0.00 1.00 0.00 1.00 1.00 1.00 0.00 0.00 0.00 1.00 1.00 1.00 1.00 0.00 0.00 1.00 01
1.00 0.00 1.00 0.00 0.00 0.00 1.00 1.00 1.00 1.00 0.00 0.00 0.00 0.00 1.00 1.00 10
0.50 0.50 1.00 0.00 0.00 0.00 1.00 1.00 1.00 0.50 0.50 0.00 0.00 0.00 0.50 0.50 10
0.00 0.00 0.00 1.00 0.00 0.00 1.00 1.00 1.00 1.00 0.00 0.00 1.00 1.00 0.00 1.00 01
0.00 0.00 1.00 0.00 0.00 0.00 1.00 1.00 1.00 1.00 1.00 0.00 0.00 0.00 1.00 1.00 10
0.00 0.00 0.00 1.00 1.00 1.00 0.00 0.00 0.00 0.00 0.00 1.00 1.00 1.00 0.00 1.00 01
1.00 0.50 1.00 0.00 0.00 0.00 1.00 1.00 1.00 0.00 0.00 0.00 0.00 0.00 1.00 1.00 10
0.00 0.00 0.00 1.00 1.00 1.00 1.00 1.00 1.00 1.00 0.00 1.00 1.00 1.00 0.50 1.00 01
0.50 0.50 0.50 0.50 0.50 0.50 0.50 0.50 1.00 0.50 0.50 0.50 0.50 0.50 0.50 0.50 10
0.00 0.00 1.00 0.00 0.00 0.00 1.00 1.00 1.00 1.00 1.00 0.00 0.00 0.00 1.00 1.00 10
0.00 0.00 0.00 1.00 1.00 1.00 1.00 1.00 1.00 1.00 0.00 1.00 1.00 1.00 0.00 1.00 01
1.00 0.00 1.00 0.00 0.00 0.00 1.00 1.00 1.00 1.00 0.00 0.50 0.00 0.00 1.00 1.00 10
0.00 1.00 1.00 0.00 0.00 0.00 1.00 1.00 1.00 1.00 1.00 0.00 0.00 0.00 1.00 1.00 10
0.00 1.00 0.00 1.00 1.00 1.00 0.00 0.00 0.00 0.00 0.00 1.00 1.00 1.00 0.00 1.00 01
1.00 0.00 1.00 0.00 0.00 0.00 1.00 1.00 1.00 0.00 0.00 0.00 0.00 0.00 1.00 0.50 10
1.00 0.00 1.00 0.00 0.00 0.00 1.00 1.00 1.00 0.00 0.00 0.00 0.00 0.00 1.00 1.00 10
0.00 1.00 0.00 1.00 1.00 1.00 0.00 0.00 0.00 1.00 1.00 1.00 1.00 1.00 0.00 1.00 01
0.00 0.00 0.00 0.00 0.00 1.00 1.00 1.00 1.00 0.00 1.00 0.00 0.00 1.00 1.00 1.00 10
1.00 1.00 0.00 1.00 1.00 1.00 0.00 0.00 0.00 0.00 1.00 1.00 1.00 1.00 0.00 1.00 01
0.00 0.00 1.00 0.00 0.00 0.00 1.00 1.00 1.00 0.00 0.00 0.00 0.00 0.00 1.00 1.00 10
1.00 1.00 0.00 1.00 1.00 1.00 0.00 0.00 0.00 1.00 0.00 1.00 1.00 1.00 0.00 1.00 01
0.00 0.00 1.00 0.00 0.00 1.00 1.00 0.50 1.00 1.00 1.00 0.00 0.00 0.00 1.00 1.00 10
0.00 0.00 1.00 0.00 0.00 1.00 1.00 1.00 1.00 0.00 1.00 1.00 0.00 1.00 1.00 0.50 10
0.00 1.00 0.00 1.00 1.00 1.00 0.00 0.00 0.00 0.00 0.00 1.00 1.00 1.00 0.00 0.00 01
0.00 0.00 1.00 0.00 0.00 0.00 1.00 1.00 1.00 1.00 1.00 0.00 0.50 0.00 1.00 0.50 10
1.00 1.00 0.00 0.00 0.00 0.00 1.00 1.00 0.50 0.00 1.00 0.00 0.00 0.00 1.00 0.50 10
1.00 1.00 0.00 1.00 1.00 1.00 0.00 0.50 0.00 0.00 1.00 1.00 1.00 1.00 0.00 0.00 01
0.00 0.00 1.00 0.00 0.00 0.00 1.00 1.00 1.00 0.00 0.00 0.00 0.00 1.00 1.00 1.00 10
1.00 1.00 1.00 0.00 0.00 0.00 1.00 1.00 1.00 0.00 0.00 0.00 0.00 0.00 1.00 1.00 10
1.00 1.00 0.00 1.00 1.00 1.00 1.00 0.00 0.00 0.00 0.00 1.00 1.00 1.00 0.00 0.00 01
1.00 0.00 1.00 0.00 0.00 1.00 1.00 1.00 1.00 1.00 1.00 0.00 0.00 0.00 1.00 1.00 10
0.50 0.50 0.50 0.50 0.00 1.00 0.00 1.00 1.00 0.00 0.00 1.00 1.00 0.00 0.00 0.50 01
1.00 0.00 1.00 0.00 0.00 0.00 1.00 1.00 1.00 1.00 0.00 0.00 0.00 0.00 1.00 1.00 10
0.00 1.00 0.00 1.00 1.00 1.00 0.00 0.00 0.00 1.00 0.00 1.00 1.00 1.00 0.00 0.00 01
0.00 0.00 1.00 0.00 0.00 1.00 1.00 1.00 1.00 1.00 0.00 1.00 0.00 0.00 0.00 1.00 10
0.00 0.00 1.00 0.00 0.00 0.00 1.00 1.00 1.00 0.00 0.00 0.50 0.00 0.00 1.00 1.00 10
0.00 1.00 0.00 1.00 1.00 1.00 1.00 0.00 0.00 0.00 0.00 1.00 1.00 1.00 0.00 1.00 01
1.00 1.00 1.00 0.00 0.00 0.00 1.00 1.00 1.00 1.00 1.00 0.00 0.00 0.00 0.00 1.00 10
0.00 0.00 1.00 0.00 0.00 1.00 1.00 1.00 1.00 0.00 0.00 0.00 0.00 0.00 1.00 1.00 10
1.00 0.00 1.00 1.00 1.00 1.00 1.00 1.00 0.00 1.00 0.00 1.00 0.00 1.00 1.00 1.00 01
0.00 0.00 1.00 0.00 0.00 0.00 1.00 1.00 1.00 0.00 1.00 0.00 0.00 0.00 1.00 1.00 10
0.00 1.00 1.00 0.00 0.00 1.00 0.00 1.00 1.00 0.00 1.00 0.00 1.00 0.00 1.00 1.00 10
1.00 0.00 1.00 1.00 1.00 1.00 1.00 1.00 0.00 1.00 1.00 1.00 0.00 1.00 1.00 1.00 01
0.00 1.00 1.00 1.00 1.00 1.00 0.00 0.00 0.00 1.00 1.00 1.00 1.00 1.00 1.00 0.50 10
0.00 1.00 0.00 1.00 0.50 1.00 0.00 0.00 0.00 1.00 0.00 1.00 1.00 1.00 0.00 0.00 01
1.00 1.00 1.00 0.00 1.00 1.00 0.00 0.00 0.50 1.00 0.00 0.00 0.00 1.00 1.00 0.50 10
0.00 0.50 0.00 1.00 1.00 1.00 0.00 0.00 0.00 1.00 0.00 1.00 1.00 1.00 0.00 1.00 01
1.00 0.50 1.00 0.00 0.00 0.00 1.00 1.00 1.00 0.00 0.50 0.00 0.00 0.00 1.00 0.50 10
0.00 1.00 1.00 0.00 0.00 0.00 0.00 1.00 1.00 0.00 1.00 0.00 0.00 1.00 1.00 1.00 10
0.00 0.00 1.00 1.00 0.00 0.00 1.00 1.00 1.00 1.00 0.00 0.00 0.00 1.00 1.00 1.00 01
0.00 0.00 1.00 0.00 0.00 0.00 1.00 1.00 1.00 0.00 0.00 0.00 0.00 0.00 1.00 0.50 10
0.00 1.00 1.00 0.00 1.00 1.00 0.00 0.00 0.00 0.00 1.00 0.00 0.00 0.00 1.00 0.50 10
1.00 0.50 0.00 1.00 1.00 1.00 1.00 1.00 0.00 0.00 0.00 1.00 0.50 1.00 0.50 0.50 01
1.00 0.00 1.00 0.00 0.00 0.00 1.00 1.00 1.00 0.00 1.00 0.00 0.00 0.00 1.00 0.50 10
0.00 0.00 1.00 0.00 0.00 1.00 1.00 1.00 1.00 0.00 1.00 0.00 0.00 1.00 1.00 1.00 10
0.00 0.50 0.00 1.00 1.00 1.00 0.00 0.00 0.00 0.00 0.00 1.00 1.00 1.00 0.00 0.50 01
1.00 0.00 1.00 0.00 0.00 0.00 1.00 1.00 1.00 0.00 0.00 0.00 0.00 0.00 0.50 1.00 10
0.00 1.00 0.00 1.00 1.00 1.00 0.00 0.50 0.00 0.00 0.50 0.50 0.50 1.00 0.00 0.50 01
0.00 1.00 1.00 0.00 0.00 0.00 1.00 1.00 0.00 0.00 1.00 0.00 0.00 0.00 1.00 0.50 10
0.00 1.00 0.00 1.00 1.00 1.00 0.00 0.50 0.00 1.00 0.00 1.00 1.00 1.00 0.00 0.50 01
0.00 0.00 1.00 0.00 0.00 1.00 1.00 1.00 1.00 1.00 0.00 1.00 0.00 1.00 1.00 0.50 10
0.00 0.00 1.00 0.00 0.00 0.00 1.00 1.00 1.00 0.00 0.00 0.00 0.00 0.00 1.00 1.00 10
0.00 0.00 0.00 1.00 1.00 1.00 0.00 0.00 0.00 0.00 0.00 1.00 1.00 1.00 0.00 0.50 01
1.00 0.00 1.00 0.00 0.00 1.00 1.00 1.00 0.00 0.00 0.00 1.00 1.00 0.00 0.00 1.00 10
1.00 1.00 1.00 0.00 0.00 0.00 1.00 1.00 0.50 1.00 0.00 0.00 0.00 0.00 1.00 0.50 10
0.00 0.50 1.00 1.00 1.00 1.00 0.00 0.00 0.00 1.00 0.00 0.00 0.00 1.00 0.00 1.00 01
1.00 0.00 1.00 0.00 0.00 0.00 1.00 1.00 1.00 1.00 1.00 0.00 0.00 1.00 1.00 1.00 10
0.00 1.00 1.00 0.00 0.00 0.00 1.00 1.00 0.50 1.00 0.00 0.00 1.00 0.00 1.00 1.00 10
0.00 0.00 1.00 1.00 1.00 1.00 1.00 0.00 0.00 0.00 0.00 1.00 1.00 1.00 0.00 1.00 01
1.00 0.00 1.00 0.00 0.00 0.00 0.00 1.00 1.00 1.00 0.00 0.00 0.00 0.00 1.00 1.00 10
0.00 1.00 0.00 1.00 1.00 1.00 0.00 0.00 0.00 1.00 1.00 1.00 1.00 1.00 0.00 0.00 01
1.00 0.00 1.00 0.00 0.00 0.00 1.00 1.00 1.00 1.00 1.00 0.00 0.00 0.00 1.00 1.00 10
0.00 0.00 0.00 1.00 1.00 1.00 0.00 0.00 0.00 1.00 0.00 1.00 0.00 1.00 0.00 1.00 01
0.00 0.00 1.00 0.00 1.00 0.00 1.00 1.00 1.00 0.00 0.00 0.00 0.00 1.00 0.50 1.00 10
1.00 0.00 1.00 0.00 0.00 0.00 1.00 1.00 0.50 0.00 1.00 0.00 0.00 0.00 1.00 1.00 10
1.00 0.50 0.00 1.00 1.00 1.00 1.00 0.00 0.00 1.00 0.00 1.00 1.00 1.00 0.00 1.00 01
1.00 1.00 1.00 0.00 0.00 1.00 1.00 1.00 1.00 0.00 0.00 0.00 0.00 0.00 1.00 1.00 10
1.00 0.00 1.00 0.00 0.00 0.00 1.00 1.00 1.00 1.00 0.00 0.00 0.00 0.00 0.00 1.00 10
0.00 1.00 0.00 1.00 1.00 1.00 0.00 0.00 0.00 1.00 0.00 1.00 1.00 1.00 0.00 1.00 01
1.00 0.00 1.00 0.00 0.00 0.00 1.00 1.00 1.00 1.00 0.00 0.00 0.00 1.00 1.00 1.00 10
0.00 0.00 1.00 0.00 0.00 0.00 1.00 1.00 1.00 0.00 1.00 0.00 0.00 0.00 1.00 1.00 10
1.00 1.00 0.00 1.00 1.00 1.00 0.00 0.00 0.00 1.00 0.00 1.00 1.00 1.00 0.00 1.00 01
1.00 0.00 1.00 0.00 0.00 0.00 1.00 1.00 1.00 0.00 0.00 0.00 0.00 0.00 0.00 1.00 10
0.50 0.00 1.00 1.00 0.00 1.00 1.00 1.00 1.00 1.00 0.00 1.00 0.00 1.00 0.00 1.00 01
1.00 0.00 1.00 0.00 0.00 0.00 1.00 1.00 1.00 1.00 0.00 0.00 0.00 0.00 0.00 1.00 10
0.00 1.00 0.00 1.00 1.00 1.00 0.00 0.00 0.00 1.00 0.00 1.00 1.00 1.00 0.00 0.00 01
1.00 0.00 1.00 0.00 0.00 0.50 1.00 1.00 1.00 0.00 0.50 0.50 0.00 0.50 0.50 0.50 10
1.00 0.00 1.00 0.00 0.00 0.00 1.00 1.00 1.00 1.00 0.00 0.00 0.50 0.00 1.00 1.00 10
0.00 0.00 0.00 1.00 1.00 0.00 0.00 0.00 0.00 0.00 0.00 1.00 1.00 1.00 0.00 1.00 01
1.00 0.00 1.00 0.00 0.00 0.00 1.00 1.00 1.00 0.00 0.00 0.00 0.00 0.00 1.00 0.50 10
1.00 0.00 1.00 0.00 0.00 0.00 1.00 1.00 1.00 0.00 0.00 0.00 0.00 0.00 1.00 0.50 10
0.00 1.00 0.00 1.00 1.00 1.00 0.00 0.00 0.00 1.00 0.00 0.50 1.00 1.00 0.00 0.00 01
1.00 0.00 1.00 0.00 0.00 0.00 1.00 1.00 1.00 1.00 0.00 0.00 0.00 0.00 0.00 1.00 10
1.00 0.00 1.00 0.00 0.00 0.00 1.00 1.00 1.00 0.00 0.00 0.00 0.00 0.00 1.00 0.50 10
0.00 0.50 0.00 1.00 1.00 1.00 0.00 0.00 0.00 0.00 0.00 1.00 1.00 1.00 0.00 1.00 01
1.00 0.00 1.00 0.00 0.00 0.00 1.00 1.00 1.00 0.00 0.00 0.00 0.00 0.00 0.00 1.00 10
0.00 1.00 0.00 1.00 1.00 1.00 0.00 0.00 0.00 1.00 0.00 1.00 0.50 1.00 0.00 0.00 01
1.00 1.00 1.00 0.00 0.00 0.00 1.00 1.00 1.00 0.00 0.00 0.00 0.00 0.00 1.00 1.00 10
0.00 1.00 0.00 1.00 1.00 1.00 0.00 0.00 0.00 0.00 0.00 1.00 1.00 0.50 0.00 1.00 01
0.00 1.00 1.00 0.00 0.00 1.00 1.00 1.00 1.00 0.00 0.50 0.00 0.00 0.00 0.00 1.00 10
1.00 0.00 1.00 0.00 0.00 0.00 1.00 1.00 1.00 1.00 0.00 0.00 0.00 0.00 1.00 0.50 10
0.00 1.00 1.00 1.00 1.00 1.00 1.00 0.00 1.00 1.00 0.00 1.00 1.00 1.00 0.00 1.00 01
0.00 0.00 1.00 0.00 1.00 1.00 0.00 0.00 0.00 0.00 0.50 0.00 1.00 1.00 0.00 0.00 10
0.00 0.00 1.00 0.00 0.00 0.00 1.00 1.00 1.00 1.00 0.00 0.00 0.00 1.00 0.00 1.00 10
0.00 1.00 0.00 1.00 1.00 1.00 0.00 0.00 0.00 0.00 0.00 1.00 1.00 1.00 0.00 1.00 01
0.00 0.00 1.00 0.00 0.00 1.00 1.00 1.00 1.00 1.00 1.00 0.00 0.00 0.00 0.50 1.00 10
0.00 0.00 1.00 0.00 0.00 1.00 1.00 1.00 1.00 1.00 1.00 0.00 0.00 0.00 1.00 1.00 10
0.00 1.00 0.00 1.00 1.00 1.00 0.00 0.00 1.00 1.00 0.00 1.00 1.00 1.00 0.00 1.00 01
0.00 0.00 1.00 0.00 0.00 1.00 0.50 1.00 0.50 1.00 1.00 1.00 0.00 1.00 1.00 0.50 10
1.00 1.00 0.00 1.00 1.00 1.00 0.00 0.00 0.00 1.00 0.00 1.00 1.00 1.00 0.00 1.00 01
1.00 1.00 1.00 0.50 0.00 1.00 1.00 1.00 1.00 0.00 1.00 0.00 1.00 0.00 0.50 1.00 10
0.00 1.00 0.00 1.00 1.00 1.00 0.00 0.00 0.00 1.00 0.00 1.00 1.00 1.00 0.00 1.00 01
1.00 1.00 1.00 0.00 1.00 1.00 0.00 1.00 0.00 1.00 1.00 0.00 1.00 1.00 1.00 1.00 10
1.00 1.00 1.00 0.00 1.00 1.00 0.00 1.00 0.00 1.00 1.00 0.00 1.00 1.00 0.00 0.50 10
0.00 0.00 0.00 1.00 1.00 1.00 0.00 0.00 0.00 1.00 0.00 1.00 0.00 1.00 0.00 1.00 01
1.00 0.00 1.00 0.00 0.50 1.00 0.50 1.00 1.00 1.00 0.00 0.00 1.00 1.00 0.00 1.00 10
1.00 0.00 1.00 0.00 0.00 1.00 1.00 1.00 1.00 1.00 0.00 0.50 0.00 1.00 0.00 1.00 10
0.00 0.00 0.00 1.00 1.00 1.00 1.00 0.00 0.00 1.00 0.00 0.00 0.00 1.00 1.00 1.00 01
1.00 0.00 1.00 0.00 0.00 1.00 1.00 1.00 0.00 1.00 1.00 0.00 1.00 1.00 1.00 1.00 10
1.00 1.00 1.00 0.00 0.00 1.00 1.00 1.00 1.00 1.00 1.00 0.00 1.00 1.00 1.00 1.00 10
0.00 0.00 0.00 1.00 0.00 1.00 1.00 0.50 1.00 0.00 0.00 1.00 1.00 1.00 0.00 1.00 01
0.00 1.00 1.00 0.00 0.00 1.00 1.00 1.00 0.00 1.00 1.00 0.00 1.00 1.00 0.00 0.50 10
0.00 0.00 0.00 1.00 1.00 1.00 0.00 0.00 0.00 0.00 0.00 1.00 1.00 1.00 0.00 1.00 01
1.00 1.00 1.00 0.00 0.00 1.00 1.00 1.00 1.00 1.00 0.00 0.00 0.50 0.00 1.00 0.50 10
0.00 0.00 0.00 0.00 1.00 1.00 1.00 0.00 0.00 0.00 0.00 0.50 0.00 1.00 1.00 1.00 01
0.00 1.00 0.00 0.00 0.00 0.00 1.00 1.00 1.00 1.00 1.00 0.00 0.00 0.00 1.00 1.00 10
0.00 1.00 1.00 0.00 0.00 1.00 1.00 1.00 1.00 1.00 0.00 0.00 1.00 1.00 1.00 1.00 10
0.00 1.00 0.00 1.00 1.00 1.00 0.50 0.00 0.00 0.00 0.00 0.50 1.00 1.00 0.00 0.00 01
0.00 0.00 0.50 0.00 0.00 1.00 1.00 1.00 1.00 0.00 0.00 0.00 0.00 0.00 1.00 1.00 10
1.00 0.00 1.00 0.00 0.00 1.00 1.00 1.00 1.00 0.00 0.00 0.00 0.00 1.00 0.00 0.50 10
0.50 0.50 0.50 0.50 0.50 0.50 0.50 0.50 0.50 0.50 0.50 0.50 0.50 0.50 0.50 0.50 01
1.00 0.00 0.00 0.00 0.00 1.00 1.00 1.00 1.00 1.00 0.00 0.00 0.00 1.00 1.00 1.00 10
0.00 0.00 1.00 0.00 0.00 1.00 1.00 1.00 1.00 1.00 0.00 0.00 1.00 0.00 0.00 1.00 10
0.00 1.00 0.00 1.00 1.00 1.00 0.00 0.00 0.00 0.00 0.00 1.00 1.00 1.00 0.00 0.00 01
1.00 1.00 1.00 0.00 0.00 0.00 1.00 1.00 1.00 1.00 0.00 0.00 0.00 0.00 1.00 1.00 10
0.00 0.00 0.00 1.00 1.00 1.00 0.00 0.00 0.00 0.00 0.00 1.00 1.00 1.00 0.00 0.00 01
0.00 0.00 0.00 0.00 0.00 1.00 0.00 1.00 1.00 0.00 1.00 1.00 1.00 1.00 1.00 0.00 10
0.00 1.00 0.00 1.00 1.00 1.00 0.00 0.00 0.00 0.00 0.00 1.00 1.00 1.00 0.00 0.00 01
1.00 0.00 0.00 0.00 0.00 0.00 1.00 1.00 1.00 1.00 0.00 0.00 0.00 0.00 1.00 1.00 10
0.00 0.00 1.00 0.00 0.00 0.00 1.00 1.00 1.00 0.00 0.00 0.00 0.00 0.00 1.00 0.50 10
0.00 1.00 0.00 1.00 1.00 1.00 0.00 0.00 0.00 0.00 0.00 1.00 1.00 1.00 0.00 1.00 01
1.00 0.00 1.00 0.00 0.00 0.00 1.00 1.00 1.00 0.00 0.00 0.00 0.00 0.00 1.00 0.50 10
0.00 1.00 1.00 0.00 0.00 1.00 0.00 1.00 1.00 1.00 0.00 0.00 1.00 1.00 0.00 1.00 10
0.00 0.00 0.00 1.00 1.00 0.00 0.00 0.00 0.00 0.00 0.00 1.00 0.00 1.00 0.00 0.00 01
1.00 1.00 1.00 0.00 0.00 0.00 1.00 1.00 1.00 1.00 0.00 0.00 1.00 0.00 0.00 1.00 10
1.00 1.00 1.00 0.00 0.50 1.00 0.00 0.50 0.00 0.00 1.00 0.00 1.00 1.00 0.00 0.50 10
0.00 0.00 0.00 1.00 1.00 0.00 0.00 0.00 0.00 0.00 0.00 1.00 0.00 1.00 0.50 1.00 01
1.00 1.00 1.00 0.00 1.00 1.00 0.00 1.00 0.50 1.00 0.00 0.00 1.00 1.00 0.00 0.50 10
0.00 0.00 0.00 1.00 1.00 1.00 0.00 0.00 0.00 0.00 1.00 1.00 1.00 1.00 0.00 1.00 01
0.00 1.00 0.00 0.00 1.00 1.00 0.00 0.00 0.50 0.00 0.00 1.00 1.00 1.00 0.00 1.00 10
0.00 0.00 0.00 1.00 1.00 1.00 0.00 0.00 0.00 1.00 0.00 1.00 0.00 1.00 0.00 1.00 01
1.00 1.00 0.00 1.00 0.00 0.00 1.00 1.00 1.00 0.00 1.00 0.00 0.00 1.00 0.00 1.00 10
1.00 1.00 1.00 0.00 0.00 0.00 1.00 1.00 1.00 0.00 1.00 0.00 0.00 0.00 0.00 1.00 10
1.00 0.00 0.00 0.00 0.00 0.00 1.00 1.00 1.00 1.00 0.00 0.00 0.00 1.00 0.00 1.00 01
1.00 0.50 1.00 0.00 0.00 1.00 1.00 1.00 1.00 1.00 0.00 0.00 0.00 0.00 1.00 0.50 10
1.00 0.50 1.00 0.00 0.00 0.00 1.00 1.00 1.00 0.00 0.00 0.00 0.00 0.00 1.00 0.50 10
0.00 0.00 0.00 1.00 1.00 0.00 1.00 1.00 0.00 1.00 0.00 1.00 1.00 1.00 0.50 1.00 01
1.00 0.00 1.00 0.00 0.00 0.00 1.00 1.00 1.00 0.00 1.00 0.00 0.00 0.00 1.00 0.50 10
0.00 0.00 1.00 0.00 0.00 0.00 1.00 1.00 1.00 0.00 0.00 0.00 0.00 0.00 1.00 1.00 10
1.00 0.00 0.00 1.00 1.00 0.00 1.00 0.00 0.00 1.00 0.00 0.00 0.00 1.00 1.00 1.00 01
0.00 1.00 1.00 0.00 0.00 1.00 1.00 1.00 0.50 0.00 1.00 1.00 0.00 0.00 1.00 1.00 10
0.00 0.00 0.00 1.00 1.00 1.00 0.00 0.00 0.00 1.00 0.00 1.00 1.00 1.00 0.00 1.00 01
0.00 0.00 1.00 0.00 0.00 1.00 1.00 1.00 0.00 0.00 1.00 0.00 0.00 1.00 0.50 1.00 10
0.00 0.00 0.00 1.00 1.00 1.00 0.00 0.00 0.00 0.00 0.00 1.00 1.00 1.00 1.00 0.00 01
1.00 0.00 1.00 0.00 0.00 0.00 1.00 1.00 1.00 0.00 0.00 0.00 0.00 0.00 1.00 1.00 10
1.00 0.00 1.00 0.00 0.00 0.00 1.00 1.00 1.00 1.00 0.00 0.00 0.00 1.00 1.00 1.00 10
0.00 0.00 1.00 1.00 1.00 1.00 1.00 1.00 0.00 1.00 0.00 0.00 0.00 1.00 0.00 1.00 01
0.00 0.50 1.00 0.50 0.00 1.00 1.00 1.00 1.00 1.00 1.00 0.00 0.50 0.50 1.00 1.00 10
0.00 1.00 1.00 0.00 1.00 0.50 1.00 0.00 0.00 1.00 1.00 0.00 1.00 0.00 1.00 1.00 10
0.00 0.00 0.00 1.00 1.00 1.00 0.00 0.00 0.00 0.00 0.00 1.00 1.00 1.00 0.00 1.00 01
0.00 0.00 1.00 0.00 0.00 0.00 1.00 1.00 1.00 1.00 1.00 0.00 0.00 0.00 1.00 1.00 10
1.00 0.00 1.00 0.00 0.00 0.00 1.00 1.00 1.00 1.00 0.00 1.00 0.00 0.00 1.00 0.50 10
0.00 0.00 0.00 1.00 1.00 1.00 0.00 0.00 0.00 1.00 0.00 1.00 1.00 1.00 0.00 0.00 01
0.00 1.00 0.00 0.00 0.00 1.00 1.00 0.00 1.00 0.00 1.00 0.00 0.00 0.00 1.00 1.00 10
1.00 1.00 1.00 1.00 1.00 1.00 1.00 1.00 0.00 1.00 0.50 0.50 0.50 1.00 0.00 1.00 01
0.00 1.00 0.00 1.00 0.00 1.00 1.00 1.00 1.00 0.00 1.00 0.00 1.00 0.00 1.00 0.50 10
1.00 0.00 1.00 1.00 1.00 1.00 1.00 1.00 0.00 0.00 0.00 0.00 0.00 1.00 0.00 0.50 01
0.00 1.00 1.00 0.00 0.00 1.00 1.00 1.00 1.00 1.00 0.00 0.50 0.00 0.00 1.00 1.00 10
1.00 1.00 1.00 0.00 0.00 1.00 1.00 1.00 1.00 1.00 1.00 1.00 1.00 1.00 0.00 0.50 10
1.00 0.00 0.00 1.00 1.00 1.00 0.00 0.00 0.00 1.00 0.00 0.50 1.00 1.00 0.00 0.00 01
1.00 0.00 1.00 0.00 0.00 1.00 1.00 1.00 1.00 1.00 0.00 0.00 1.00 0.00 0.00 1.00 10
1.00 0.00 1.00 0.00 1.00 1.00 1.00 0.00 1.00 1.00 0.00 0.00 1.00 1.00 0.00 0.50 10
0.00 0.00 0.00 1.00 1.00 1.00 0.00 0.00 0.00 0.00 0.00 1.00 1.00 1.00 0.00 1.00 01
1.00 1.00 1.00 0.00 0.00 1.00 1.00 1.00 1.00 1.00 1.00 1.00 1.00 0.00 0.00 1.00 10
0.00 1.00 0.00 0.00 1.00 1.00 0.00 0.00 0.00 1.00 1.00 0.00 1.00 1.00 0.00 0.00 10
0.00 1.00 0.00 1.00 1.00 1.00 0.50 0.50 0.00 1.00 0.00 1.00 0.50 0.50 0.50 0.50 01
1.00 0.00 1.00 0.00 0.00 0.00 1.00 1.00 0.00 1.00 1.00 0.00 0.00 0.00 0.00 0.50 10
1.00 1.00 0.00 1.00 1.00 1.00 0.00 0.00 0.00 1.00 0.00 0.00 1.00 1.00 0.00 1.00 01
1.00 1.00 1.00 0.00 1.00 1.00 1.00 1.00 0.00 1.00 1.00 0.00 0.00 0.00 1.00 0.50 10
0.00 0.00 1.00 1.00 1.00 1.00 0.00 0.00 0.00 1.00 0.00 1.00 1.00 1.00 1.00 1.00 01
0.00 1.00 1.00 0.00 0.00 1.00 1.00 1.00 0.00 1.00 0.00 0.00 0.00 0.00 1.00 1.00 10
1.00 1.00 1.00 0.00 0.50 1.00 1.00 1.00 0.00 1.00 0.50 0.50 0.00 0.00 1.00 1.00 10
0.00 0.00 0.00 1.00 1.00 0.00 1.00 1.00 1.00 1.00 0.00 1.00 1.00 1.00 0.00 1.00 01
1.00 1.00 1.00 0.00 0.50 0.00 1.00 1.00 1.00 1.00 0.00 0.00 0.00 0.00 1.00 0.50 10
0.00 1.00 1.00 1.00 1.00 1.00 0.00 0.00 0.00 0.00 1.00 1.00 0.50 1.00 0.00 0.00 10
0.00 0.00 0.00 1.00 1.00 1.00 1.00 0.00 0.00 1.00 0.00 1.00 1.00 1.00 0.00 1.00 01
0.00 1.00 1.00 0.50 1.00 1.00 0.00 1.00 0.00 1.00 0.50 0.00 1.00 1.00 0.50 1.00 10
0.00 1.00 0.00 1.00 1.00 1.00 0.00 0.00 0.00 0.00 1.00 1.00 0.00 1.00 0.00 0.00 10
0.00 0.00 0.00 1.00 1.00 1.00 0.00 0.00 0.00 0.00 0.00 1.00 1.00 1.00 0.00 0.00 01
1.00 0.50 1.00 0.00 0.00 0.00 1.00 1.00 1.00 0.00 1.00 0.00 0.00 0.00 1.00 1.00 10
1.00 1.00 1.00 1.00 1.00 1.00 1.00 1.00 0.00 1.00 0.00 0.00 1.00 1.00 0.00 1.00 01
1.00 1.00 1.00 0.00 0.00 1.00 0.50 1.00 1.00 0.00 1.00 0.00 1.00 0.00 1.00 1.00 10
0.00 1.00 0.00 1.00 1.00 1.00 0.00 0.00 0.00 1.00 0.00 1.00 1.00 1.00 0.00 0.50 01
1.00 1.00 1.00 0.00 1.00 1.00 1.00 1.00 1.00 1.00 1.00 0.00 1.00 1.00 0.00 0.50 10
1.00 1.00 0.00 1.00 1.00 1.00 0.00 0.00 0.00 0.00 1.00 0.00 1.00 1.00 0.00 0.50 10
0.00 0.00 0.00 1.00 1.00 1.00 0.00 0.00 0.00 1.00 0.00 1.00 1.00 1.00 0.00 0.00 01
1.00 1.00 1.00 0.00 1.00 1.00 0.00 1.00 1.00 1.00 1.00 0.00 0.00 0.00 0.00 1.00 10
1.00 1.00 1.00 1.00 1.00 1.00 0.00 0.00 0.00 0.00 1.00 1.00 1.00 1.00 0.00 1.00 10
0.00 0.00 0.00 1.00 1.00 1.00 0.00 0.00 0.00 0.00 0.00 1.00 1.00 1.00 0.00 0.00 01
1.00 1.00 0.00 0.00 1.00 1.00 0.00 0.00 0.00 0.00 1.00 1.00 1.00 1.00 1.00 0.00 10
0.00 0.50 1.00 0.00 1.00 1.00 0.00 1.00 0.00 0.00 1.00 0.00 0.00 0.00 0.00 0.50 10
0.00 0.00 0.00 1.00 1.00 1.00 0.00 0.00 0.00 1.00 0.00 1.00 1.00 1.00 0.00 0.00 01
1.00 1.00 1.00 0.00 1.00 1.00 0.00 1.00 1.00 0.00 1.00 0.00 0.00 1.00 0.00 0.50 10
0.00 0.00 0.00 1.00 1.00 1.00 1.00 1.00 0.00 1.00 0.00 1.00 1.00 1.00 0.00 1.00 01
0.00 1.00 1.00 1.00 1.00 1.00 0.00 0.00 0.00 0.00 0.00 1.00 1.00 1.00 0.00 0.50 10
0.00 0.00 0.00 1.00 1.00 1.00 0.00 0.00 0.00 1.00 0.00 1.00 1.00 1.00 1.00 0.00 01
1.00 0.00 1.00 0.00 0.00 0.00 1.00 1.00 1.00 0.50 1.00 0.00 0.00 0.00 1.00 0.50 10
0.50 0.50 0.00 0.00 0.50 1.00 0.50 0.00 0.00 0.00 1.00 1.00 0.00 1.00 0.00 0.50 10
0.00 1.00 1.00 1.00 1.00 1.00 0.00 0.00 0.00 1.00 0.00 1.00 1.00 1.00 0.00 1.00 01
1.00 1.00 0.00 0.00 0.00 0.00 0.00 1.00 1.00 0.00 1.00 0.00 0.00 0.00 1.00 0.00 10
1.00 1.00 0.50 0.50 0.50 1.00 0.00 0.00 0.00 0.00 1.00 0.00 1.00 0.00 0.00 1.00 10
0.00 1.00 0.00 1.00 1.00 1.00 1.00 1.00 0.00 0.00 1.00 1.00 1.00 1.00 1.00 1.00 01
1.00 1.00 1.00 0.50 0.00 0.00 0.00 1.00 0.00 0.00 1.00 0.50 0.00 0.00 1.00 1.00 10
1.00 1.00 1.00 0.00 1.00 1.00 0.00 1.00 0.00 0.00 1.00 0.00 1.00 0.00 1.00 1.00 10
0.00 1.00 1.00 1.00 1.00 1.00 1.00 0.50 0.00 0.00 0.00 0.00 0.50 0.50 1.00 0.50 01
1.00 1.00 0.00 0.00 1.00 0.50 0.00 0.00 0.00 0.00 1.00 0.00 1.00 1.00 0.00 1.00 10
0.00 0.00 1.00 1.00 1.00 1.00 0.00 0.00 1.00 1.00 0.00 1.00 1.00 1.00 0.00 1.00 01
0.00 1.00 1.00 0.00 1.00 1.00 0.00 1.00 0.00 0.00 0.00 0.00 0.00 0.00 0.00 1.00 10
0.00 1.00 0.00 1.00 1.00 1.00 0.00 0.00 0.00 0.00 1.00 1.00 1.00 1.00 0.00 0.00 01
1.00 0.00 1.00 0.00 1.00 1.00 0.00 0.00 1.00 1.00 0.00 0.00 1.00 1.00 0.00 1.00 10
0.00 0.00 0.00 1.00 1.00 1.00 0.00 0.00 0.00 0.00 1.00 1.00 1.00 1.00 0.00 0.00 10
0.00 1.00 0.00 1.00 1.00 1.00 0.00 0.00 0.00 0.00 0.00 1.00 1.00 1.00 0.00 1.00 01
1.00 0.00 1.00 0.00 0.00 1.00 1.00 1.00 1.00 0.00 0.00 1.00 0.50 1.00 1.00 1.00 10
1.00 0.00 1.00 0.00 0.00 1.00 1.00 1.00 1.00 1.00 1.00 0.00 0.00 0.00 0.00 1.00 10
0.00 1.00 0.00 1.00 1.00 1.00 0.00 0.00 0.00 1.00 0.00 1.00 1.00 1.00 0.00 0.00 01
1.00 1.00 1.00 0.00 0.00 0.00 1.00 1.00 1.00 0.00 0.00 0.00 0.00 0.00 0.00 1.00 10
0.00 1.00 1.00 0.00 0.00 1.00 1.00 1.00 0.50 1.00 0.00 0.00 0.00 0.00 0.00 1.00 10
0.00 0.00 0.00 1.00 1.00 1.00 0.00 0.00 0.00 1.00 1.00 1.00 1.00 1.00 0.00 0.50 01
1.00 1.00 1.00 0.00 0.00 0.00 1.00 1.00 1.00 1.00 1.00 0.00 1.00 0.00 0.00 1.00 10
0.00 0.50 0.00 1.00 1.00 1.00 0.00 0.00 0.00 0.00 1.00 1.00 1.00 1.00 0.00 1.00 01
1.00 1.00 1.00 0.00 0.00 0.00 1.00 1.00 0.00 1.00 0.00 0.00 0.00 0.00 0.00 1.00 10
1.00 0.00 0.00 1.00 1.00 1.00 0.00 0.00 0.00 0.00 1.00 1.00 1.00 1.00 0.00 0.00 01
1.00 1.00 1.00 0.00 0.00 0.00 1.00 1.00 1.00 0.00 0.00 0.00 0.00 0.00 0.00 1.00 10
0.00 1.00 1.00 0.00 1.00 1.00 1.00 1.00 0.00 0.00 1.00 0.00 1.00 0.00 1.00 1.00 10
0.00 0.00 0.00 1.00 1.00 1.00 0.00 0.00 0.00 1.00 1.00 1.00 0.00 1.00 0.00 1.00 01
0.00 0.00 1.00 0.00 0.00 1.00 1.00 1.00 1.00 0.00 1.00 0.00 0.00 0.00 1.00 1.00 10
0.00 1.00 1.00 0.00 0.00 1.00 1.00 1.00 1.00 0.00 1.00 0.00 0.00 1.00 1.00 1.00 10
0.00 0.00 0.00 1.00 1.00 0.00 1.00 0.00 1.00 1.00 0.00 0.00 0.00 1.00 0.00 1.00 01
0.00 1.00 1.00 0.00 0.00 0.50 1.00 1.00 1.00 1.00 1.00 0.00 0.50 1.00 1.00 1.00 10
0.00 0.00 1.00 0.00 0.00 0.00 1.00 1.00 0.00 1.00 1.00 0.00 0.00 0.00 1.00 0.50 10
0.00 0.00 0.00 1.00 1.00 1.00 1.00 0.00 0.00 1.00 0.00 1.00 0.00 1.00 1.00 1.00 01
1.00 0.00 1.00 0.00 0.00 0.00 1.00 1.00 1.00 1.00 0.00 0.00 0.00 0.00 1.00 1.00 10
0.00 0.00 0.00 1.00 1.00 1.00 0.50 0.50 0.50 0.50 0.00 1.00 1.00 1.00 0.00 1.00 01
0.50 0.50 0.50 0.00 0.00 0.00 1.00 1.00 1.00 1.00 0.00 0.00 1.00 0.00 1.00 1.00 10
0.00 0.00 0.00 1.00 1.00 1.00 0.00 0.00 0.00 1.00 0.00 1.00 1.00 1.00 0.00 1.00 01
1.00 0.00 1.00 0.00 0.50 0.00 1.00 1.00 1.00 1.00 0.00 1.00 0.00 0.50 1.00 1.00 10
0.00 0.00 1.00 0.00 0.00 0.00 1.00 1.00 1.00 1.00 0.00 0.00 0.00 0.00 0.00 1.00 10
1.00 0.00 0.00 1.00 1.00 1.00 0.00 0.00 0.00 1.00 0.00 1.00 1.00 1.00 0.00 0.00 01
0.00 1.00 0.00 1.00 1.00 1.00 0.00 0.00 0.00 1.00 0.00 1.00 1.00 1.00 0.50 0.00 01